1.361574877412080435e-02
8.205450824307279623e-02
-1.660845819276537266e-02
-4.062904230097060670e-02
1.102705057077880413e-01
4.994462753954135442e-02
4.335454253346892467e-02
5.864891689912178629e-02
1.488301095787263606e-01
1.804640302784081551e-01
2.088011687344310252e-01
5.996930310700996497e-02
7.537242305560579170e-02
4.114770479513155110e-02
2.714566345291091753e-01
1.548696168408305041e-01
9.408665278747740945e-02
1.505644968852730969e-01
1.129693315852610819e-01
5.530751123444572342e-02
3.204650944553003034e-01
1.203294569375640971e-01
1.656496701778341629e-01
1.349168138625820024e-01
1.126641528774470491e-01
7.148085496247159887e-02
1.243796334761150951e-01
2.474189060801707807e-01
2.405975353206557532e-01
1.523536221095100063e-01
2.127332546759127530e-01
6.124886303734833337e-02
1.784004415345080419e-01
1.567698966891972190e-01
2.070764333816286495e-01
2.019851990328299651e-01
2.820876582124612342e-01
1.376949960177560259e-02
7.991367975978364013e-02
1.756469323755082135e-01
1.076573382291837189e-01
8.632846089629261921e-02
-3.040088062810187425e-03
8.384083763648415843e-02
2.196896533285187803e-01
1.559331807555291993e-01
9.256986276333124819e-02
6.262234037218926408e-02
1.871420608350275461e-01
1.951234045518184801e-01
1.189799728886762192e-01
1.810281701146523592e-01
5.361354029568821816e-02
1.131238072197647548e-01
-1.198852853802530039e-01
5.965804979695563115e-02
7.505439371119419778e-02
7.860222324460611198e-02
-4.171178938222768612e-02
-4.918563739156287667e-02
2.629740215699541070e-02
1.557734745809584709e-01
-2.539029668097346829e-02
3.820650442275135700e-02
3.753521218503610979e-02
-2.400860365534419200e-02
6.770565758489940911e-02
-8.822224048004781438e-02
7.519408746363419327e-02
-7.622567043060661518e-02
-3.765902735676961155e-02
9.844305047527562857e-03
-7.310342716481633973e-02
6.483874563191056872e-02
-1.369876150579602547e-01
-1.061312229199361246e-01
-2.232986230137635753e-01
-1.583991200599801086e-01
-6.323263364089265481e-02
-1.737742440929939125e-01
-1.325398021976208554e-02
-1.119960838249027535e-01
6.658380447573257477e-02
-1.816562546736896211e-01
-3.596278842173759871e-02
-1.286931738860985497e-01
-1.190003557776877219e-01
4.031334955888181415e-02
2.007206144783186402e-02
3.733497765848059480e-02
-1.370964340178551510e-01
-1.416052671265080609e-01
-2.985998617086135232e-01
-1.642956398752980218e-01
-1.163878570288108677e-01
-1.535273274301242052e-01
-1.201259775910479000e-01
-1.881979900019781493e-01
-8.997592289283527778e-02
-2.780748979904688889e-02
-7.836388223037717149e-02
-4.913628220801252722e-02
-2.279560248487367546e-01
-6.078332568942297620e-02
-1.284234500787034827e-01
-7.118239896741651584e-02
-1.659573732732554652e-01
-1.701819024861517815e-01
-1.369204815205159464e-01
-8.138538085129666533e-02
-2.234052597023434561e-01
-1.324153877725533224e-01
-1.985861187805536276e-01
-2.084782832405890629e-01
-9.552240797273750528e-02
4.178434497715893814e-02
-1.076782061971776477e-01
-1.268582126374746266e-01
-2.247094916012523369e-01
-1.774802441474228609e-01
-5.303741534790862300e-02
-1.689781069871014452e-02
-9.906612478222237561e-02
-1.061031691056489451e-01
-4.349559051404488369e-02
4.560466418021609514e-02
-1.533099215366290069e-01
8.287072410297842071e-03
